@10000
00 21 00 00
@10004
00 21 00 00
@10008
00 21 00 00
@1000c
00 21 00 00
@10010
00 21 00 00
@10014
00 21 00 00
@10018
00 21 00 00
@1001c
00 21 00 00
@10020
00 21 00 00
@10024
00 21 00 00
@10028
00 21 00 00
@1002c
00 21 00 00
@10030
00 21 00 00
@10034
00 21 00 00
@10038
00 21 00 00
@1003c
00 21 00 00
@10040
00 21 00 00
@10044
00 21 00 00
@10048
00 21 00 00
@1004c
00 21 00 00
@10050
00 21 00 00
@10054
00 21 00 00
@10058
00 41 22 22
@1005c
00 41 22 22
@10060
00 41 22 22
@10064
00 41 22 22
@10068
00 41 22 22
@1006c
00 41 22 22
@10070
00 41 22 22
@10074
00 41 22 22
@10078
00 41 22 22
@1007c
00 41 22 22
@10080
00 41 22 22
@10084
00 41 22 22
@10088
00 41 22 22
@1008c
00 41 22 22
@10090
00 41 22 22
@10094
00 41 22 22
@10098
00 41 22 22
@1009c
00 41 22 22
@100a0
00 41 22 22
@100a4
00 41 22 22
@100a8
00 41 22 22
@100ac
00 41 22 22
@100b0
00 41 22 22
@100b4
00 41 22 22
@100b8
00 41 22 22
@100bc
00 41 22 22
@100c0
00 41 22 22
@100c4
00 41 22 22
@100c8
00 41 22 22
@100cc
00 41 22 22
@100d0
00 41 22 22
@100d4
00 41 22 22
@100d8
00 41 22 22
@100dc
00 41 22 22
@100e0
00 41 22 22
@100e4
00 41 22 22
@100e8
00 21 00 00
@100ec
00 21 00 00
@100f0
00 21 00 00
@100f4
00 21 00 00
@100f8
00 21 00 00
@100fc
00 21 00 00
@10100
00 21 00 00
@10104
00 21 00 00
@10108
00 21 00 00
@1010c
00 21 00 00
@10110
00 21 00 00
@10114
00 21 00 00
@10118
00 21 00 00
@1011c
00 21 00 00
@10120
00 21 00 00
@10124
00 21 00 00
@10128
00 21 00 00
@1012c
00 21 00 00
@10130
00 21 00 00
@10134
00 21 00 00
@10138
00 21 00 00
@1013c
00 21 00 00
@10140
00 21 00 00
@10144
00 21 00 00
@10148
00 21 00 00
@1014c
00 21 00 00
@10150
00 21 00 00
@10154
00 21 00 00
@10158
00 21 00 00
@1015c
00 21 00 00
@10160
00 21 00 00
@10164
00 21 00 00
@10168
00 21 00 00
@1016c
00 21 00 00
@10170
00 21 00 00
@10174
00 21 00 00
@10178
00 21 00 00
@1017c
00 21 00 00
@10180
00 21 00 00
@10184
00 21 00 00
@10188
00 21 00 00
@1018c
00 21 00 00
@10190
00 10 00 00
@10194
00 10 00 00
@10198
00 10 00 00
@1019c
00 10 00 00
@101a0
00 10 00 00
@101a4
00 10 00 00
@101a8
00 10 00 00
@101ac
00 10 00 00
@101b0
00 10 00 00
@101b4
00 10 00 00
@101b8
00 10 00 00
@101bc
00 10 00 00
@101c0
00 10 00 00
@101c4
00 10 00 00
@101c8
00 10 00 00
@101cc
00 10 00 00
@101d0
00 10 00 00
@101d4
00 10 00 00
@101d8
00 10 00 00
@101dc
00 10 00 00
@101e0
00 10 00 00
@101e4
00 10 00 00
@101e8
00 10 00 00
@101ec
00 10 00 00
@101f0
00 10 00 00
@101f4
00 10 00 00
@101f8
00 10 00 00
@101fc
00 10 00 00
@10200
00 10 00 00
@10204
00 10 00 00
@10208
00 10 00 00
@1020c
00 10 00 00
@10210
00 10 00 00
@10214
00 10 00 00
@10218
00 10 00 00
@1021c
00 10 00 00
@10220
00 10 00 00
@10224
00 10 00 00
@10228
00 10 00 00
@1022c
00 10 00 00
@10230
00 10 00 00
@10234
00 10 00 00
@10238
00 10 00 00
@1023c
00 10 00 00
@10240
00 10 00 00
@10244
00 10 00 00
@10248
00 10 00 00
@1024c
00 10 00 00
@10250
00 10 00 00
@10254
00 10 00 00
@10258
00 10 00 00
@1025c
00 10 00 00
@10260
00 10 00 00
@10264
00 10 00 00
@10268
00 10 00 00
@1026c
00 10 00 00
@10270
00 10 00 00
@10274
00 10 00 00
@10278
00 10 00 00
@1027c
00 10 00 00
@10280
00 10 00 00
@10284
00 10 00 00
@10288
00 10 00 00
@1028c
00 10 00 00
@10290
00 10 00 00
@10294
00 10 00 00
@10298
00 10 00 00
@1029c
00 10 00 00
@102a0
00 10 00 00
@102a4
00 10 00 00
@102a8
00 10 00 00
@102ac
00 10 00 00
@102b0
00 10 00 00
@102b4
00 10 00 00
@102b8
00 10 00 00
@102bc
00 10 00 00
@102c0
00 10 00 00
@102c4
00 10 00 00
@102c8
00 10 00 00
@102cc
00 10 00 00
@102d0
00 10 00 00
@102d4
00 10 00 00
@102d8
00 10 00 00
@102dc
00 10 00 00
@102e0
00 10 00 00
@102e4
00 10 00 00
@102e8
00 10 00 00
@102ec
00 10 00 00
@102f0
00 10 00 00
@102f4
00 10 00 00
@102f8
00 10 00 00
@102fc
00 10 00 00
@10300
00 10 00 00
@10304
00 10 00 00
@10308
00 10 00 00
@1030c
00 10 00 00
@10310
00 10 00 00
@10314
00 10 00 00
@10318
00 10 00 00
@1031c
00 10 00 00
@10320
00 10 00 00
@10324
00 10 00 00
@10328
00 10 00 00
@1032c
00 10 00 00
@10330
00 10 00 00
@10334
00 10 00 00
@10338
00 10 00 00
@1033c
00 10 00 00
@10340
00 10 00 00
@10344
00 10 00 00
@10348
00 10 00 00
@1034c
00 10 00 00
@10350
00 10 00 00
@10354
00 10 00 00
@10358
00 10 00 00
@1035c
00 10 00 00
@10360
00 10 00 00
@10364
00 10 00 00
@10368
00 10 00 00
@1036c
00 10 00 00
@10370
00 10 00 00
@10374
00 10 00 00
@10378
00 10 00 00
@1037c
00 10 00 00
@10380
00 10 00 00
@10384
00 10 00 00
@10388
00 10 00 00
@1038c
00 10 00 00
@10390
00 10 00 00
@10394
00 10 00 00
@10398
00 10 00 00
@1039c
00 10 00 00
@103a0
00 10 00 00
@103a4
00 10 00 00
@103a8
00 10 00 00
@103ac
00 10 00 00
@103b0
00 10 00 00
@103b4
00 10 00 00
@103b8
00 10 00 00
@103bc
00 10 00 00
@103c0
00 10 00 00
@103c4
00 10 00 00
@103c8
00 10 00 00
@103cc
00 10 00 00
@103d0
00 10 00 00
@103d4
00 10 00 00
@103d8
00 10 00 00
@103dc
00 10 00 00
@103e0
00 10 00 00
@103e4
00 10 00 00
@103e8
00 10 00 00
@103ec
00 10 00 00
@103f0
00 10 00 00
@103f4
00 10 00 00
@103f8
00 10 00 00
@103fc
99 99 99 99
